<?xml version="1.0"?>
<opencv_storage>
<mat_array>
  <_ type_id="opencv-matrix">
    <rows>4</rows>
    <cols>4</cols>
    <dt>f</dt>
    <data>
      9.94773328e-001 1.00809783e-001 -1.62303485e-002 -1.89288208e+002
      1.00400165e-001 -9.94649470e-001 -2.43369173e-002 -4.32711853e+002
      -1.85969081e-002 2.25801859e-002 -9.99571979e-001 2.04639233e+003
      0. 0. 0. 1.</data></_></mat_array>
</opencv_storage>
