<?xml version="1.0"?>
<opencv_storage>
<mat_array>
  <_ type_id="opencv-matrix">
    <rows>4</rows>
    <cols>4</cols>
    <dt>f</dt>
    <data>
      9.99048352e-001 -4.01033647e-002 -1.71475932e-002 -3.30281616e+002
      -1.52509902e-002 4.71302308e-002 -9.98772323e-001 1.70730774e+003
      4.08622958e-002 9.98083353e-001 4.64737676e-002 2.90551300e+002 0.
      0. 0. 1.</data></_></mat_array>
</opencv_storage>
