<?xml version="1.0"?>
<opencv_storage>
<T_M2D>
  <_ type_id="opencv-matrix">
    <rows>4</rows>
    <cols>4</cols>
    <dt>f</dt>
    <data>
      9.90062177e-001 1.40610725e-001 -2.34449655e-003 -7.72328415e+001
      5.79033559e-003 -2.41022184e-002 9.99692798e-001 -3.47789185e+002
      1.40511006e-001 -9.89771485e-001 -2.46768873e-002 -6.06388817e+001
      0. 0. 0. 1.</data></_></T_M2D>
</opencv_storage>
