<?xml version="1.0"?>
<opencv_storage>
<mat_array>
  <_ type_id="opencv-matrix">
    <rows>3</rows>
    <cols>3</cols>
    <dt>d</dt>
    <data>
      3.5176497024911521e+002 0. 2.5964327790818675e+002 0.
      3.5224672166147798e+002 2.1460064042520557e+002 0. 0. 1.
      </data></_>
  <_ type_id="opencv-matrix">
    <rows>1</rows>
    <cols>5</cols>
    <dt>d</dt>
    <data>
      8.8476696933694074e-002 -3.1052005278841649e-001
      6.7798311492058721e-004 5.3430848591886531e-003
      1.6594169982707022e-001
      </data></_></mat_array>
</opencv_storage>
<!-- 内部パラメータカラー -->
<!-- 1.0502903685239107e+003 0. 9.5408026109437174e+002 0. -->
<!-- 1.0499145560308009e+003 5.1540833530014254e+002 0. 0. 1. -->
<!-- 歪み系数 -->
<!-- 3.5142947518735486e-002 -4.9256632827474278e-002 -->
<!-- -2.8763728909617699e-004 2.1765090203968286e-004 -->
<!-- 4.9263227588853360e-003 -->