<?xml version="1.0"?>
<opencv_storage>
<disp1 type_id="opencv-matrix">
  <rows>3</rows>
  <cols>3</cols>
  <dt>d</dt>
  <data>
    5.6974371670128454e-001 -6.2121498514151302e-002
    4.1149843096896775e+003 1.3757755860352482e-003
    -5.7932839674574965e-001 6.0454917669411020e+002
    6.9265756409518182e-006 -1.4420032152774191e-005 1.</data></disp1>
</opencv_storage>
